66 3 67 64 60 62 59 55 65 63 58 68 56 36 57 61
33 78 32 54 85 80 53 104 77 81 76 82 84 92 100 102 101 91 79 71 40 37 41 43 73 88 72 2 31 86 52 83 93 34 38 51 1 87 103 74 75 42
26 5 15 8 6 27 7 19 20 14 16 9 17 18 25 22 4 21
13 11 12
15 7 6 5 17 8 14 12 13 16 9 4 11
20 8 16 15 17 22 18 19 9 21
63 66 57 59 62 3 67 68 60 64 65 36 56 58 55 61
92 84 102 93 86 74 77 43 33 85 32 76 101 72 73 87 71 83 42 52 81 91 41 82 100 80 2 78 51 53 54 103 104 88 1 38 34 40 31 79 75 37
25 8 27 16 4 17 18 22 9 6 15 26 21 20 19 5 7 14
12 11 13
17 14 13 5 12 9 15 7 4 16 11 8 6
9 22 18 21 19 20 17 8 15 16
64 60 67 36 56 55 57 62 59 68 65 66 63 61 58 3
54 32 100 86 72 84 102 88 85 77 93 104 1 78 43 37 92 40 103 74 101 42 75 87 2 91 71 31 33 82 80 83 81 38 52 73 79 34 53 76 51 41
9 16 22 15 27 25 6 4 7 21 18 8 26 17 5 19 14 20
13 11 12
17 12 9 6 11 4 14 16 15 7 13 8 5
8 21 15 20 17 22 18 16 9 19
36 59 61 58 3 64 65 56 62 67 57 66 55 68 63 60
85 52 102 83 92 1 51 103 41 77 73 37 86 43 71 93 91 42 81 54 88 84 38 80 72 2 87 53 76 40 74 75 78 104 101 79 100 82 32 34 33 31
18 15 9 7 5 21 14 8 25 17 22 27 20 4 19 26 6 16
11 12 13
17 16 12 4 6 7 8 15 9 11 5 13 14
21 17 22 20 9 8 18 15 16 19
68 66 67 62 64 36 56 58 61 63 57 55 60 59 3 65
103 1 80 40 51 93 81 38 42 85 84 92 73 41 86 31 74 77 102 75 104 82 101 32 83 2 79 34 53 72 76 87 54 33 91 71 52 88 43 37 78 100
16 6 4 26 25 5 15 7 14 18 17 8 19 20 9 27 21 22
12 13 11
16 6 7 4 15 11 14 17 12 13 5 9 8
18 22 21 17 9 19 16 8 20 15
62 61 56 68 59 3 57 36 66 64 67 65 63 58 55 60
82 77 100 91 37 40 72 76 83 85 54 92 78 42 101 33 1 93 31 104 71 41 84 103 2 38 81 52 73 74 102 53 43 88 87 75 51 34 32 79 80 86
4 21 22 18 9 6 17 19 7 14 26 16 20 15 25 8 5 27
12 11 13
9 8 15 13 5 12 4 16 11 14 6 17 7
18 17 20 15 8 19 21 16 9 22
62 56 66 57 68 3 63 67 36 55 61 58 65 60 64 59
101 32 31 92 79 72 41 78 42 38 100 93 40 77 51 71 82 87 37 84 73 75 86 83 1 52 88 81 34 91 2 74 53 85 43 103 102 54 76 33 80 104
17 16 19 14 22 8 27 25 26 18 6 9 21 4 7 5 15 20
13 12 11
13 12 7 8 4 11 6 15 14 16 17 5 9
19 20 21 9 15 22 16 18 17 8
59 3 56 61 68 64 57 63 60 65 36 62 67 58 55 66
79 103 38 2 37 1 40 43 81 102 51 32 31 73 41 82 54 76 72 87 80 91 33 84 88 75 101 85 52 78 34 53 86 100 93 74 42 92 71 83 77 104
27 9 4 19 22 7 17 20 6 5 14 25 16 21 18 15 8 26
13 12 11
17 6 13 12 9 11 15 8 14 7 16 5 4
17 19 20 18 16 15 22 8 9 21
60 63 68 62 65 57 55 3 36 64 67 61 66 59 56 58
71 34 51 102 77 84 54 31 80 92 32 41 103 42 82 104 40 52 78 88 101 86 72 33 43 81 76 100 53 73 1 83 91 38 75 79 2 85 74 87 37 93
4 20 27 21 14 15 17 9 26 16 18 19 5 7 25 22 8 6
13 11 12
7 6 14 4 17 11 13 5 12 8 9 16 15
22 21 15 20 9 16 19 8 17 18
62 61 68 66 58 63 59 64 56 36 3 60 55 67 57 65
79 53 84 85 80 32 81 51 103 71 54 102 38 31 86 76 78 104 52 1 41 101 74 43 73 77 83 88 82 42 33 75 100 72 34 87 92 93 2 91 40 37
6 17 25 20 9 8 22 18 15 16 19 21 7 5 14 26 4 27
12 11 13
7 11 4 14 5 8 6 9 17 12 16 13 15
8 17 20 16 9 15 18 21 22 19
60 66 61 67 63 55 59 36 65 57 62 64 56 58 68 3
87 34 32 74 40 31 101 92 81 88 104 103 77 73 42 37 33 52 86 83 93 85 41 71 82 84 102 79 100 53 78 91 51 72 76 1 43 75 80 38 54 2
8 5 26 14 22 4 16 19 27 25 7 6 21 9 17 15 20 18
12 13 11
14 15 7 11 4 8 17 9 16 12 6 5 13
19 22 15 20 18 16 9 17 8 21
3 58 57 62 56 63 60 68 36 55 59 65 64 66 61 67
43 71 88 87 100 54 91 75 34 38 86 102 84 72 85 33 104 82 92 83 51 41 80 77 76 2 79 101 103 1 52 31 32 74 73 42 81 40 37 93 78 53
26 18 4 7 8 20 27 6 14 25 16 19 5 22 9 15 17 21
13 11 12
8 15 4 5 14 13 6 17 16 9 12 11 7
16 17 9 19 8 22 15 21 20 18
59 57 60 62 65 64 67 63 68 61 58 66 3 56 55 36
87 77 84 40 86 83 32 42 80 53 51 103 102 43 72 82 85 31 52 1 2 91 71 34 78 41 33 100 74 76 37 101 104 54 79 92 38 93 88 73 75 81
5 9 20 15 19 6 27 18 14 25 7 4 16 26 17 21 22 8
12 11 13
15 14 6 11 16 7 9 8 5 12 13 4 17
16 21 18 8 15 20 9 22 19 17
63 56 65 61 68 59 67 60 62 64 57 66 55 58 3 36
73 74 88 43 82 51 83 31 91 52 42 1 85 77 37 92 79 72 100 80 75 41 93 71 87 34 101 78 76 38 2 102 103 40 54 84 81 33 104 32 86 53
20 5 16 9 18 21 4 27 14 22 26 8 19 6 25 7 15 17
12 13 11
11 4 13 6 9 8 14 7 15 5 16 12 17
17 9 22 8 15 16 18 21 19 20
57 3 64 66 65 67 68 60 55 36 59 63 61 56 62 58
85 52 40 42 88 104 83 100 84 86 53 72 102 31 32 2 71 81 79 38 33 80 87 37 92 1 54 78 73 51 74 77 41 93 91 34 103 101 82 43 75 76
27 22 8 6 16 17 18 20 7 26 4 15 25 19 9 21 5 14
12 11 13
9 11 4 17 8 5 6 12 15 14 7 16 13
22 16 15 19 9 21 18 20 17 8
66 3 60 58 67 57 36 68 59 65 55 61 56 62 63 64
34 85 2 88 87 76 84 40 92 103 75 101 33 52 37 73 93 102 51 81 43 32 78 83 77 91 38 54 42 41 80 104 71 72 100 86 74 79 1 31 82 53
19 8 17 14 4 15 16 7 6 21 18 25 20 22 5 27 9 26
12 13 11
8 9 14 4 12 5 7 11 16 13 15 17 6
22 15 16 20 18 17 21 19 9 8
56 59 36 66 58 65 61 3 55 64 68 60 67 57 63 62
88 54 43 53 77 81 33 71 34 51 31 101 78 76 92 84 75 82 52 72 86 1 40 42 103 87 41 83 104 102 38 80 93 74 73 85 100 2 37 79 91 32
19 6 22 4 14 26 21 15 20 8 27 5 17 9 25 16 18 7
13 11 12
7 13 9 11 17 14 16 15 4 8 5 12 6
22 9 17 18 16 8 15 20 21 19
65 57 63 56 55 67 58 36 3 61 62 64 60 66 59 68
93 52 103 51 78 54 1 53 72 38 33 101 42 80 100 85 102 73 88 43 92 104 37 2 81 75 40 76 74 41 79 84 34 91 31 71 86 82 87 77 32 83
6 26 18 16 7 17 9 14 25 21 4 19 20 8 5 15 27 22
13 12 11
13 15 7 11 6 4 9 16 8 5 12 14 17
17 19 9 21 16 20 22 18 8 15
3 66 63 64 59 60 65 58 62 55 67 68 57 61 56 36
31 74 32 41 2 84 87 88 38 85 81 82 40 53 92 86 73 91 54 78 77 51 71 43 1 76 104 72 37 33 52 93 83 42 34 100 79 102 75 103 80 101
21 7 27 17 26 19 6 9 5 16 14 4 18 20 25 22 8 15
11 12 13
15 13 11 12 9 5 8 6 17 4 14 16 7
9 20 22 19 18 17 8 21 16 15
3 60 68 63 58 64 55 56 62 65 67 36 61 57 66 59
101 92 2 79 87 80 42 71 75 52 100 1 31 53 88 73 77 83 43 74 37 85 32 82 54 78 41 76 103 104 33 93 86 72 84 40 51 81 38 102 34 91
18 27 19 9 8 15 21 17 7 25 5 16 22 4 14 20 6 26
11 13 12
9 14 12 11 5 8 13 16 4 6 17 15 7
19 16 18 20 8 15 21 9 17 22