58 65 66 63 68 59 56 64 36 60 62 55 67 57 3 61
80 41 77 34 76 85 92 81 31 79 43 87 72 33 101 42 75 40 104 52 88 93 38 91 53 74 82 103 37 1 71 51 78 73 83 84 54 102 100 32 86 2
20 18 14 17 22 9 5 19 6 4 25 27 8 16 15 26 21 7
12 13 11
7 17 16 8 9 14 11 6 4 15 12 5 13
17 21 18 22 15 16 20 19 9 8
66 57 36 67 60 3 55 65 63 59 61 58 64 68 56 62
101 37 2 43 81 82 71 53 88 91 42 73 102 74 79 51 52 72 77 86 40 41 80 38 75 93 104 33 76 78 34 1 100 85 103 83 31 92 54 87 32 84
25 9 27 18 17 5 8 14 4 16 26 22 20 19 6 21 15 7
13 11 12
16 6 9 12 11 7 8 5 17 15 13 4 14
20 19 18 8 16 21 17 15 22 9
58 36 55 57 67 61 3 56 60 65 59 66 64 63 62 68
71 43 83 54 91 102 1 53 84 81 78 85 88 33 93 52 72 38 73 92 75 101 31 87 74 2 34 32 37 80 77 103 79 86 51 76 104 42 82 41 100 40
15 22 26 4 6 25 18 27 5 8 20 14 21 19 16 7 17 9
11 12 13
15 17 13 16 4 8 12 9 7 6 14 11 5
19 21 20 17 18 15 16 22 8 9
3 55 56 64 36 65 63 60 62 58 66 68 57 67 61 59
51 102 74 83 38 88 76 100 78 79 84 91 40 37 103 85 93 72 34 53 104 1 42 71 32 86 2 81 41 33 73 87 52 82 43 75 80 54 31 77 92 101
27 26 20 8 5 19 9 4 14 22 15 6 25 7 18 21 16 17
11 13 12
6 5 17 7 11 13 8 4 16 9 15 12 14
22 19 8 21 18 15 16 9 20 17
65 56 58 57 36 62 67 64 3 68 61 63 55 59 60 66
38 87 93 74 84 42 1 77 79 2 86 52 51 76 103 81 82 43 100 32 31 92 78 83 34 91 37 53 71 102 73 40 104 101 41 33 88 80 54 72 75 85
16 4 26 7 6 8 19 5 9 21 18 20 15 17 25 27 22 14
11 12 13
7 15 6 8 11 14 4 16 13 12 5 17 9
9 21 17 20 18 15 22 19 16 8
61 58 36 64 62 3 66 68 57 59 56 60 55 67 65 63
84 100 81 82 77 102 43 76 87 72 93 91 53 1 33 75 74 86 104 73 103 83 51 31 41 52 101 80 40 32 42 2 88 78 85 79 34 54 38 71 37 92
20 19 9 22 5 6 26 25 7 27 21 4 15 18 14 16 17 8
11 12 13
16 8 15 5 12 9 4 11 13 7 14 17 6
16 8 9 18 15 17 20 21 19 22
61 55 65 66 62 57 56 3 36 60 68 59 63 58 64 67
91 71 75 53 93 41 82 84 80 74 79 86 72 54 81 33 37 102 32 101 88 73 31 103 38 100 92 78 51 77 83 85 52 76 43 87 1 40 104 2 42 34
18 7 26 19 21 27 25 5 8 22 17 6 20 9 15 16 14 4
12 11 13
17 15 7 13 4 9 8 11 12 6 14 5 16
20 21 19 18 9 22 17 16 8 15
67 57 36 64 65 68 61 3 58 62 59 63 66 56 55 60
71 52 2 86 72 82 84 38 91 40 51 33 31 103 76 77 42 93 41 53 102 88 79 43 100 87 54 73 37 85 104 32 83 1 81 92 78 74 34 75 80 101
21 17 22 8 26 4 20 16 25 14 27 19 15 5 18 6 7 9
12 11 13
7 15 17 12 8 16 5 11 6 4 14 13 9
16 22 15 21 17 9 19 20 18 8
60 61 63 36 66 65 64 62 59 55 68 57 67 3 56 58
81 86 53 40 74 51 104 101 75 41 82 78 92 77 37 71 38 93 32 103 79 42 102 52 88 34 87 91 80 76 31 73 1 85 33 2 100 54 43 84 83 72
18 5 15 21 7 19 9 8 6 14 26 17 25 20 16 22 4 27
13 11 12
5 15 12 6 7 11 9 14 4 13 17 8 16
20 15 22 19 8 16 18 17 21 9
66 63 65 61 55 36 58 59 64 60 3 62 57 67 56 68
84 92 72 37 34 74 52 85 51 86 54 71 104 87 80 103 83 82 75 33 38 81 73 91 78 42 93 43 31 102 1 2 101 88 41 76 79 53 77 40 32 100
17 5 27 21 8 25 18 4 19 9 22 26 20 14 6 7 16 15
12 13 11
4 16 14 7 13 12 5 6 17 11 9 15 8
21 20 22 18 15 8 17 19 9 16
64 3 62 57 60 66 58 61 56 36 67 68 65 63 55 59
101 75 82 31 80 79 91 83 38 102 85 93 81 34 37 103 76 72 92 33 32 41 43 87 42 40 74 77 1 51 88 52 104 54 86 100 53 78 71 84 2 73
16 26 18 6 19 7 5 17 14 27 15 25 8 22 21 4 20 9
13 12 11
11 5 7 15 16 14 6 13 12 4 17 8 9
22 18 20 19 21 8 16 17 9 15
3 58 56 66 62 64 36 67 63 55 59 61 60 57 68 65
71 72 31 76 38 79 37 33 81 104 73 53 87 32 82 2 52 84 34 101 102 83 100 75 103 80 91 41 86 43 88 78 77 54 93 42 92 85 74 51 1 40
22 5 27 26 17 14 19 15 4 8 25 6 9 20 7 21 16 18
13 11 12
14 6 4 5 12 17 11 9 7 16 13 15 8
18 9 16 15 20 17 21 8 19 22
3 61 57 66 63 64 36 60 68 65 56 67 59 58 62 55
38 1 32 34 102 51 80 101 2 73 83 41 87 103 82 43 74 104 78 86 91 100 81 37 42 52 79 53 75 85 71 92 54 40 76 31 84 88 33 93 72 77
16 19 15 7 18 5 21 25 9 22 14 26 17 20 27 8 4 6
12 11 13
16 13 17 4 11 5 9 7 14 15 12 8 6
17 18 21 15 16 9 8 22 20 19
60 57 63 58 56 59 61 62 67 36 64 66 65 68 55 3
101 51 43 104 32 80 74 93 40 84 102 75 41 82 1 37 103 2 34 42 77 79 88 72 86 87 71 100 78 53 83 54 92 52 76 38 33 85 73 91 31 81
26 18 16 9 6 19 14 20 15 8 25 4 27 17 5 22 21 7
13 11 12
7 11 17 15 4 14 16 13 5 6 8 12 9
18 15 9 20 16 17 8 19 21 22
55 65 61 60 67 3 63 66 68 59 62 36 58 56 64 57
31 93 40 43 1 32 80 75 72 88 2 73 79 101 86 102 34 92 81 84 37 78 71 52 51 104 41 85 54 91 103 77 100 74 33 42 38 83 87 53 82 76
4 15 20 16 18 14 5 27 17 19 22 25 26 21 6 7 8 9
13 12 11
16 9 5 14 12 8 13 7 17 15 6 4 11
18 20 22 16 8 21 17 9 15 19
62 68 58 59 36 60 3 64 57 56 65 61 63 67 55 66
104 32 34 74 71 41 51 92 87 1 2 85 83 53 33 81 54 52 100 73 42 80 93 77 101 72 75 88 31 43 76 102 38 40 84 86 82 91 78 79 103 37
4 17 19 8 14 18 20 21 22 27 7 6 16 26 15 25 9 5
13 12 11
17 9 15 16 7 5 14 11 8 6 12 13 4
9 21 20 16 22 18 19 17 15 8
59 36 60 63 55 58 56 67 62 64 61 65 66 3 57 68
43 72 87 93 88 73 32 104 83 82 53 101 52 102 92 31 34 86 74 71 103 81 91 77 41 85 80 79 54 37 51 1 33 2 75 40 42 76 84 100 78 38
7 20 8 21 26 25 27 18 14 9 22 19 15 5 6 4 16 17
13 11 12
16 8 13 4 5 14 11 9 7 12 17 6 15
22 19 16 21 15 18 17 20 8 9
65 68 67 62 36 56 66 61 55 64 3 60 59 58 57 63
41 52 79 38 1 51 43 53 102 31 87 75 78 74 34 93 103 37 40 33 42 101 2 32 73 82 77 100 54 91 80 76 85 81 72 92 104 71 83 86 88 84
27 16 25 22 26 21 4 15 20 9 8 18 5 7 14 19 17 6
13 11 12
8 4 7 15 17 9 16 13 11 12 14 5 6
22 17 16 15 8 9 20 21 19 18
61 66 65 56 62 55 3 60 58 57 59 64 67 68 36 63
74 79 93 77 73 38 86 88 83 87 71 37 32 92 75 76 84 33 41 72 82 53 43 51 34 31 103 91 54 40 78 101 80 102 100 42 1 52 85 104 81 2
4 14 20 8 5 15 19 18 16 25 27 22 17 26 9 7 21 6
11 13 12
9 11 13 15 7 16 4 12 17 5 6 8 14
15 17 22 19 18 21 8 20 9 16
55 62 67 68 56 65 61 3 58 57 36 59 66 64 63 60
82 100 92 43 33 31 38 2 32 71 1 85 87 74 75 103 93 51 79 37 102 53 78 52 41 76 72 91 73 84 101 104 40 42 80 77 88 86 83 81 54 34
17 26 8 6 22 19 4 5 27 9 16 18 25 14 21 7 15 20
11 13 12
9 8 13 5 12 7 11 14 16 15 6 17 4
15 19 18 17 16 21 8 9 20 22