63 58 62 55 36 3 61 59 65 66 67 57 64 60 68 56
86 78 79 74 34 88 83 71 91 103 92 82 1 38 104 32 41 31 102 43 76 81 54 87 77 72 73 85 2 53 100 37 52 84 33 93 101 40 51 75 42 80
21 15 16 14 18 6 25 7 19 5 9 22 20 26 4 27 8 17
13 11 12
6 16 4 9 13 8 5 7 11 15 12 17 14
22 16 17 9 8 18 15 19 20 21
57 36 59 65 55 56 66 61 62 67 64 68 60 3 58 63
52 91 92 79 41 42 34 73 83 71 82 104 1 93 32 85 88 43 31 72 77 38 2 37 33 78 53 81 100 102 86 40 74 75 101 103 54 87 80 84 76 51
15 17 4 21 7 27 8 25 26 20 9 16 6 14 18 22 5 19
11 13 12
9 14 13 12 17 4 16 8 11 6 5 7 15
21 17 19 8 18 20 22 15 9 16
3 57 66 60 59 58 56 63 64 62 36 61 68 55 65 67
102 31 38 72 1 74 93 79 32 81 77 71 51 83 92 78 82 88 37 34 91 41 2 100 85 101 42 53 75 84 87 80 76 43 33 104 73 52 40 103 54 86
15 7 4 22 5 21 8 27 9 18 14 17 26 16 6 20 19 25
11 13 12
7 13 11 4 17 6 12 15 16 14 8 9 5
15 9 18 20 19 16 17 22 21 8
67 56 63 59 64 55 65 68 62 57 66 3 60 61 58 36
32 34 102 79 73 75 82 74 104 51 84 77 38 87 88 100 43 2 76 81 52 40 78 37 91 85 103 92 93 41 31 71 42 101 86 54 80 72 53 83 1 33
21 15 4 14 18 7 22 20 9 16 26 25 8 27 5 19 17 6
12 13 11
7 16 6 14 13 5 12 17 4 9 8 11 15
18 17 15 21 22 20 9 16 8 19
58 67 66 60 55 63 61 62 65 36 3 64 68 56 57 59
93 84 33 51 37 87 52 41 31 1 91 88 104 82 40 85 78 76 34 72 42 86 102 71 100 75 38 79 92 73 2 81 83 54 43 74 101 32 103 80 53 77
22 27 17 18 7 4 21 5 19 26 20 6 8 15 25 14 16 9
12 13 11
8 5 6 16 13 9 4 11 17 14 7 12 15
16 9 18 8 17 15 22 19 21 20
59 66 58 56 61 57 55 67 68 36 62 65 64 3 60 63
104 32 41 80 31 84 100 102 82 37 51 79 91 43 2 88 81 83 76 40 71 87 103 52 53 42 74 33 78 93 54 1 34 101 92 38 75 77 72 85 86 73
20 7 16 19 4 15 26 18 27 21 22 25 5 8 14 17 9 6
12 13 11
6 7 8 12 16 17 4 13 9 11 14 5 15
19 8 18 20 17 16 22 21 15 9
68 65 36 3 61 55 59 66 62 56 67 63 64 57 60 58
54 103 101 43 75 93 34 40 87 76 33 100 91 42 53 71 77 92 85 81 41 32 2 84 31 73 82 1 88 37 104 83 79 102 80 38 86 51 74 72 78 52
26 22 27 18 15 20 14 25 7 9 6 4 16 19 21 5 17 8
12 13 11
12 9 11 5 16 4 14 8 15 6 17 13 7
20 18 22 21 9 17 15 19 16 8
66 65 61 67 58 55 60 62 64 59 36 63 57 3 56 68
82 93 80 51 2 43 42 77 100 37 32 78 81 85 101 71 84 72 31 54 53 34 91 104 73 74 52 86 41 88 103 75 33 92 76 40 38 87 79 102 83 1
16 15 20 17 4 19 26 25 14 18 27 7 22 8 6 5 9 21
11 12 13
14 13 16 12 6 5 7 9 17 8 11 4 15
9 20 19 22 8 16 21 15 18 17
60 64 63 66 61 3 55 65 36 57 62 67 68 58 59 56
80 40 85 73 84 77 104 52 93 72 71 82 102 43 92 34 53 33 83 31 91 42 76 51 37 103 2 78 100 81 41 75 38 86 79 32 101 54 74 1 88 87
22 4 18 21 17 5 26 20 15 6 27 25 7 14 19 16 9 8
12 11 13
6 11 8 17 5 9 15 7 14 12 16 4 13
16 21 18 9 22 8 17 15 19 20
67 63 68 59 36 66 55 56 64 3 62 57 58 65 60 61
37 82 74 73 92 51 85 72 75 103 32 34 77 87 42 71 100 53 104 43 41 52 84 80 33 83 79 93 1 76 38 101 91 31 40 78 86 81 102 54 2 88
6 9 25 20 8 5 26 15 4 27 22 14 17 19 7 21 16 18
12 11 13
11 13 15 4 12 17 14 9 7 5 8 6 16
18 22 17 20 9 21 19 8 16 15
55 66 59 36 67 65 3 60 56 57 64 63 58 68 62 61
102 51 37 54 42 84 92 82 53 104 75 76 32 73 43 83 31 81 93 100 91 86 103 41 85 2 40 77 80 34 101 71 78 74 1 72 79 87 38 33 88 52
20 25 15 14 26 8 7 21 19 22 9 5 27 17 16 6 4 18
13 12 11
16 7 5 17 9 14 4 13 12 8 15 11 6
15 8 21 19 17 16 9 22 20 18
61 58 55 3 62 65 57 67 66 60 63 36 59 56 64 68
81 71 40 38 74 91 79 33 42 53 37 103 77 92 51 80 87 101 83 72 78 75 84 88 34 54 86 1 93 76 43 104 82 73 41 31 32 100 52 2 102 85
22 20 5 8 26 25 7 4 21 17 19 18 27 14 15 9 16 6
12 13 11
15 8 11 5 17 12 13 4 9 6 7 14 16
8 21 18 19 17 15 22 16 20 9
66 57 59 67 68 60 58 65 56 61 55 3 64 62 36 63
76 1 78 38 34 81 87 82 91 93 2 80 54 53 83 92 77 101 72 33 74 41 42 71 86 51 84 103 85 75 73 32 88 37 79 31 43 102 40 52 104 100
8 14 25 6 5 16 4 18 19 26 22 9 17 20 7 21 27 15
11 12 13
15 8 13 16 7 4 17 9 12 6 11 14 5
20 18 9 17 21 22 15 16 8 19
62 55 3 68 56 58 65 67 59 60 57 63 36 64 61 66
85 82 92 43 54 101 40 79 87 38 31 71 51 88 80 72 103 78 74 42 37 34 104 77 102 83 73 2 86 84 32 33 41 1 76 52 75 91 100 81 93 53
6 8 15 19 5 14 21 9 16 22 4 17 18 26 7 27 20 25
12 11 13
17 15 7 11 14 4 16 12 5 9 13 8 6
18 19 20 16 15 17 9 8 22 21
63 59 60 3 57 58 61 66 64 36 65 55 67 62 56 68
78 88 79 104 34 53 77 74 54 80 37 100 51 31 86 32 73 42 2 101 84 41 1 85 76 38 87 92 52 43 102 93 72 71 75 82 33 83 91 81 40 103
5 18 7 14 27 20 26 6 8 15 25 4 21 19 17 22 16 9
12 11 13
11 14 12 4 9 16 7 13 8 17 5 6 15
15 19 17 18 9 20 8 22 16 21
62 61 64 56 68 57 67 65 59 36 3 60 58 63 55 66
41 31 37 51 82 93 2 87 80 76 52 79 92 43 73 88 75 78 104 34 74 86 38 42 33 85 54 101 83 103 77 100 71 32 84 72 81 102 91 40 53 1
22 16 6 17 7 9 21 18 15 26 8 5 19 25 27 4 20 14
12 11 13
15 6 13 11 9 5 8 7 12 16 14 4 17
9 19 18 8 16 22 21 15 20 17
67 63 65 61 68 36 3 59 58 55 56 66 64 62 57 60
92 79 72 53 33 74 40 52 87 86 77 32 81 41 54 82 42 71 88 104 102 38 93 80 31 100 84 83 37 34 2 78 73 43 75 91 101 103 51 76 85 1
7 15 16 21 9 19 26 14 25 6 18 17 4 8 5 27 20 22
13 11 12
7 4 8 11 17 9 15 14 12 13 5 6 16
17 20 16 19 8 22 21 18 9 15
57 67 55 62 56 3 58 68 59 64 60 36 61 65 66 63
76 51 84 104 101 54 93 37 103 40 53 74 32 88 78 38 82 31 80 34 100 72 87 85 1 41 43 2 79 102 81 86 71 91 42 75 33 92 83 77 52 73
19 22 5 17 18 6 25 4 8 14 16 7 20 9 26 15 27 21
13 11 12
15 5 4 11 7 13 12 6 14 8 9 16 17
22 8 20 19 17 16 15 18 21 9
55 64 59 56 60 66 3 57 36 58 68 62 61 65 67 63
93 102 82 31 77 103 38 79 41 33 78 100 86 80 40 32 1 73 84 75 76 88 71 51 43 72 101 34 37 53 104 74 91 83 42 81 87 92 54 52 85 2
15 19 4 20 25 27 18 8 5 21 26 9 16 6 14 7 22 17
11 12 13
17 9 11 8 14 7 12 15 13 6 5 4 16
21 8 18 22 19 16 20 15 9 17
58 62 56 59 65 68 66 57 63 3 64 60 55 67 36 61
80 37 1 31 77 103 43 93 78 79 83 91 86 92 32 73 104 100 81 74 87 85 52 53 54 34 51 82 88 42 101 2 75 84 33 71 41 40 38 76 72 102
20 8 21 22 18 25 4 5 16 19 27 15 17 9 7 14 26 6
11 13 12
8 5 14 4 11 16 13 15 7 6 17 9 12
22 15 9 18 19 21 20 8 17 16