62 56 68 3 58 60 65 61 66 59 64 57 67 55 36 63
79 41 51 88 78 31 34 32 72 53 101 40 71 91 93 77 52 104 1 102 2 76 42 73 81 83 84 74 54 100 82 37 87 43 38 86 103 75 80 85 92 33
5 16 19 26 18 20 17 27 25 14 4 6 22 9 15 8 7 21
13 11 12
15 17 9 11 7 5 6 4 14 13 16 12 8
18 17 19 21 15 22 8 16 20 9
65 57 62 59 67 66 56 58 61 3 60 64 68 55 36 63
72 40 86 2 76 71 84 87 79 103 85 102 91 104 34 77 75 38 81 53 83 42 82 37 43 80 52 32 54 1 101 33 93 100 88 92 51 74 41 78 73 31
25 16 14 20 4 21 26 17 27 6 22 8 5 19 18 9 7 15
12 11 13
14 6 9 8 13 5 4 11 15 16 7 12 17
21 9 18 15 8 20 19 16 22 17
67 61 59 3 64 66 62 68 63 60 58 57 65 36 55 56
54 41 40 83 86 38 92 103 1 88 85 80 101 87 77 31 91 42 37 2 100 32 75 52 81 104 74 51 78 93 33 73 84 34 102 76 43 71 53 82 72 79
6 7 26 9 25 18 5 15 16 8 14 22 17 27 19 4 20 21
12 11 13
8 12 6 4 14 7 15 9 13 16 11 5 17
22 15 19 9 20 16 17 21 18 8
62 61 59 55 56 67 58 63 3 65 68 36 64 66 57 60
73 91 101 41 51 1 81 38 80 76 93 104 82 33 100 74 86 75 72 37 53 88 52 43 31 85 84 83 34 92 54 71 40 32 42 78 102 103 79 77 87 2
21 7 9 17 16 5 14 26 25 8 4 6 18 22 19 15 20 27
13 11 12
6 17 14 4 11 9 15 7 8 5 13 16 12
22 17 8 9 18 20 19 21 15 16
65 57 64 66 61 55 62 56 58 68 67 63 3 60 59 36
37 33 32 52 76 2 79 80 1 104 85 100 54 91 83 92 38 73 82 74 78 84 86 81 40 88 102 75 43 77 87 103 53 101 34 72 51 31 41 42 71 93
7 27 8 18 19 25 26 15 14 21 9 5 4 20 22 17 16 6
11 13 12
4 15 16 8 7 5 11 12 13 14 6 17 9
18 21 20 9 22 19 8 15 16 17
55 3 68 65 66 58 61 63 56 67 64 62 36 57 60 59
1 76 37 87 83 2 78 32 80 91 31 102 81 93 88 43 51 34 41 79 92 42 74 73 86 82 40 85 104 75 71 84 100 33 38 77 72 52 54 101 103 53
26 25 18 21 6 20 7 15 4 14 22 9 5 19 8 16 17 27
13 12 11
15 5 12 17 16 14 7 4 8 11 6 9 13
19 21 8 22 16 20 18 9 15 17
36 66 56 58 61 60 63 67 3 55 68 57 64 62 59 65
87 104 76 77 86 101 102 74 1 41 31 32 52 79 42 71 84 38 92 88 2 73 51 54 82 78 37 33 93 91 80 34 72 75 100 43 53 81 40 83 85 103
20 8 19 15 9 5 27 16 18 4 14 22 25 6 26 7 21 17
12 11 13
14 16 5 13 4 15 8 6 12 9 11 7 17
19 15 8 18 17 9 16 20 22 21
60 63 65 66 64 56 58 68 3 67 61 55 62 36 57 59
72 51 83 92 88 41 52 74 71 101 53 82 73 87 81 38 84 77 37 2 103 54 79 100 86 76 75 102 78 40 32 43 1 42 91 34 104 93 80 31 85 33
5 14 8 25 22 20 19 27 6 21 9 4 17 15 18 16 26 7
11 12 13
5 14 6 15 11 13 4 7 17 16 12 8 9
17 15 19 22 8 20 21 18 9 16
60 3 55 61 62 66 58 64 56 57 65 59 36 67 68 63
104 42 77 103 31 92 82 76 93 40 74 91 41 88 102 33 53 1 101 38 79 75 100 34 2 52 85 43 54 32 71 84 37 78 86 73 72 51 83 80 87 81
20 16 19 5 4 8 18 7 21 25 6 9 27 14 26 15 17 22
13 12 11
8 6 13 14 11 7 4 17 9 16 5 15 12
21 9 8 18 20 22 15 19 17 16
3 62 63 61 66 59 68 65 57 67 58 55 36 60 56 64
86 103 88 83 78 79 85 93 74 33 80 104 1 41 38 102 81 34 71 91 40 53 82 92 87 77 84 100 101 73 75 52 76 32 54 2 37 51 43 42 31 72
18 14 4 17 22 8 9 15 25 6 16 19 5 27 21 20 7 26
11 13 12
7 4 15 5 12 9 6 8 13 17 16 11 14
16 18 19 21 15 8 22 17 20 9
62 65 3 59 67 63 58 60 57 61 55 68 64 66 36 56
31 52 75 54 74 86 79 2 81 38 83 33 100 103 104 80 102 77 76 88 93 1 78 40 34 91 51 87 37 92 43 72 32 41 42 53 73 85 71 84 101 82
16 25 18 6 5 7 20 8 19 14 21 17 27 22 9 15 4 26
11 13 12
13 14 5 17 9 7 11 6 15 8 12 16 4
18 16 19 21 20 9 8 17 22 15
36 58 59 62 3 55 66 67 64 68 63 60 61 65 57 56
42 40 93 43 79 75 78 82 83 92 80 86 32 91 54 74 88 103 72 71 53 102 51 38 31 84 52 73 34 76 100 2 87 81 104 101 77 41 85 33 1 37
14 20 21 5 16 27 8 26 6 15 19 25 7 22 9 18 4 17
13 12 11
13 9 6 15 7 16 4 17 14 8 12 11 5
15 18 19 21 20 17 8 22 16 9
67 66 57 60 62 36 3 59 58 56 68 55 64 61 63 65
53 104 43 79 93 84 72 75 103 83 51 71 86 74 37 52 81 77 33 80 92 1 88 76 40 32 78 34 73 2 31 38 100 41 102 87 85 82 42 54 91 101
5 6 27 25 7 21 26 22 19 18 20 9 4 17 14 16 15 8
13 11 12
7 9 8 15 12 4 16 13 5 6 11 17 14
8 18 19 16 22 17 20 21 9 15
63 58 64 3 67 66 62 68 57 60 56 55 61 65 36 59
78 101 102 82 75 53 71 77 37 104 33 51 43 73 52 76 79 40 80 88 41 32 86 31 72 38 83 100 34 87 92 81 93 84 54 103 1 2 74 42 91 85
18 15 14 26 27 6 17 20 22 16 5 8 4 21 9 7 19 25
12 11 13
17 9 16 14 7 8 13 12 5 4 15 6 11
19 8 22 20 15 18 21 16 17 9
66 67 58 61 57 64 59 36 56 55 65 3 63 60 62 68
38 87 80 81 71 34 73 91 77 79 1 101 104 103 40 37 72 86 2 53 82 93 52 54 92 84 75 43 76 83 85 51 88 33 31 102 32 100 78 41 74 42
22 20 8 6 26 5 18 21 15 9 19 4 27 17 7 25 14 16
12 13 11
17 13 4 9 11 8 6 12 14 16 15 5 7
19 9 20 16 8 17 22 15 21 18
57 65 66 59 55 58 67 60 64 3 63 68 56 61 62 36
80 82 71 73 102 31 87 88 43 83 86 84 78 32 77 38 1 81 74 53 34 76 40 103 79 101 100 37 104 52 33 41 75 92 91 2 42 54 93 51 85 72
27 20 17 5 4 6 21 26 14 8 18 9 22 19 25 15 7 16
11 12 13
12 11 16 17 6 7 8 14 9 15 5 4 13
9 16 8 21 22 18 20 15 19 17
60 64 66 63 59 62 68 57 58 3 55 67 65 61 36 56
41 80 102 42 101 34 77 100 83 51 38 32 72 43 2 85 78 53 87 31 93 82 33 103 1 104 86 91 73 81 79 74 52 71 84 37 76 75 54 92 88 40
17 16 6 27 25 14 26 19 21 4 20 15 18 22 5 7 9 8
13 11 12
6 8 7 15 17 9 14 11 16 4 13 12 5
9 20 16 15 19 18 22 21 8 17
55 58 60 36 62 57 3 63 67 68 65 61 64 66 56 59
103 73 51 43 72 80 2 91 33 76 40 104 42 88 87 77 92 86 93 1 85 83 37 52 100 101 38 78 75 41 84 71 79 53 54 74 34 32 102 31 81 82
4 21 7 26 5 17 15 18 22 20 6 14 19 16 9 25 27 8
12 13 11
4 17 11 9 15 6 16 7 14 5 8 13 12
17 8 15 20 19 9 22 18 16 21
56 67 63 60 64 66 65 62 3 55 59 68 57 61 58 36
91 71 52 74 31 82 34 78 43 73 40 76 32 54 88 2 79 83 1 86 51 101 42 81 33 53 87 80 104 72 37 100 85 38 93 75 102 92 41 84 103 77
16 19 26 25 14 18 9 15 8 17 5 22 20 7 21 6 4 27
11 12 13
15 9 8 12 5 11 13 4 17 16 14 7 6
17 15 9 18 21 8 20 19 22 16
62 68 59 60 65 56 66 36 3 61 57 55 64 58 67 63
43 2 88 84 83 77 92 73 42 93 86 72 91 71 85 53 31 79 102 81 37 100 78 75 74 33 80 34 38 101 103 104 51 40 82 41 87 32 76 54 52 1
14 8 22 25 21 7 9 16 27 17 6 15 5 4 20 26 18 19
13 11 12
7 4 13 15 9 16 11 6 17 8 5 14 12
17 9 15 22 8 21 18 16 19 20