3 65 55 58 67 36 63 66 64 60 68 62 56 57 61 59
87 75 102 78 38 79 32 84 2 37 93 31 91 74 41 51 101 53 88 85 80 33 83 72 92 86 82 103 54 1 42 71 76 52 43 100 77 40 104 81 34 73
27 8 19 18 4 21 5 25 14 15 26 17 6 16 20 9 22 7
11 13 12
17 5 14 6 13 16 12 8 11 9 15 7 4
20 15 9 22 18 17 16 19 21 8
59 3 60 36 61 66 58 68 65 56 63 67 62 64 55 57
74 43 82 102 1 80 87 54 85 93 41 79 101 40 52 83 71 53 31 92 88 34 77 33 86 72 51 42 75 103 37 2 81 73 78 104 32 91 84 38 76 100
16 26 21 7 15 25 4 20 14 17 6 9 27 19 18 22 8 5
13 12 11
7 14 6 4 8 17 11 16 13 5 9 15 12
18 9 22 16 15 19 20 8 17 21
56 36 67 60 61 3 57 62 64 66 59 55 65 58 63 68
100 75 38 82 52 91 104 37 71 2 86 43 40 51 79 54 41 73 101 72 80 103 92 102 34 53 78 81 85 84 93 87 77 42 32 1 88 31 74 83 33 76
16 5 18 19 14 9 26 17 20 22 21 27 4 8 15 25 7 6
11 12 13
5 9 17 16 15 6 11 4 8 7 13 12 14
16 22 9 18 20 19 8 21 15 17
59 58 57 65 68 63 56 60 36 3 61 66 55 62 67 64
104 78 88 37 1 72 52 31 43 102 53 80 2 54 73 92 84 85 93 32 103 75 77 82 100 91 40 74 51 101 87 86 81 33 79 34 42 71 41 83 38 76
5 17 27 19 14 18 4 26 8 15 9 16 21 22 6 7 20 25
12 13 11
9 6 8 4 5 13 12 17 15 7 16 11 14
22 16 17 9 21 8 19 20 18 15
56 3 68 62 66 61 36 60 59 57 55 63 65 58 64 67
85 1 74 42 2 83 102 54 81 37 33 73 82 101 103 87 86 71 79 52 41 72 75 84 53 88 34 51 93 104 32 40 100 31 92 78 76 77 91 80 43 38
9 17 16 18 4 27 26 14 15 7 22 5 21 19 8 6 20 25
12 11 13
13 6 5 17 11 16 15 8 14 9 4 7 12
20 15 18 17 22 9 19 16 8 21
55 61 67 58 36 59 63 62 3 57 60 66 68 64 56 65
86 71 77 82 102 84 103 74 79 54 43 1 42 78 73 38 33 37 51 104 80 85 40 91 2 53 76 34 92 32 87 75 83 72 81 41 100 88 101 93 52 31
9 25 17 26 14 16 4 15 18 7 21 20 6 22 27 19 5 8
12 13 11
6 11 9 8 15 7 5 16 12 14 4 17 13
19 15 8 18 21 22 16 9 17 20
59 65 66 68 3 67 60 56 61 62 57 36 63 55 58 64
42 79 37 78 72 2 71 85 77 43 91 51 101 86 41 53 81 34 88 38 92 83 87 104 84 80 93 82 74 54 102 100 31 1 32 33 52 40 76 73 75 103
6 5 18 7 17 21 16 4 14 26 15 19 25 27 9 20 22 8
13 12 11
14 15 9 5 4 17 12 6 16 13 7 11 8
18 22 8 17 16 15 19 20 21 9
67 59 57 58 62 64 60 3 65 55 56 63 68 36 66 61
78 79 85 76 72 54 102 42 71 2 100 33 37 84 80 73 83 87 53 1 34 86 103 52 104 32 74 43 38 77 75 91 31 81 88 40 41 101 51 92 82 93
20 25 6 17 5 14 27 16 4 26 18 19 21 7 22 15 8 9
11 13 12
14 5 11 9 7 16 17 15 13 4 6 8 12
8 22 17 21 16 20 15 19 9 18
66 55 60 67 61 65 57 59 63 3 68 64 56 36 58 62
79 91 37 1 83 38 41 82 86 81 43 92 85 104 74 34 80 75 31 84 78 32 42 33 71 102 103 93 101 51 52 100 2 88 87 54 77 53 40 73 76 72
19 26 25 17 27 18 8 15 16 9 22 4 20 5 7 14 6 21
13 12 11
7 14 17 6 16 13 5 9 12 4 11 8 15
9 21 16 8 18 20 19 22 15 17
59 36 62 55 64 63 61 68 67 56 66 58 57 3 60 65
43 33 87 103 86 32 42 2 82 41 102 92 93 38 40 91 80 76 51 52 84 83 88 53 37 79 100 81 72 1 73 75 31 104 71 101 34 74 78 85 77 54
15 21 8 17 4 5 16 19 22 18 25 26 14 27 7 20 9 6
11 13 12
6 17 14 11 15 4 13 8 9 16 7 5 12
16 18 17 8 22 15 21 19 9 20
59 36 68 64 3 62 56 66 57 61 67 63 65 60 58 55
80 54 33 93 101 77 74 104 2 91 51 40 53 87 43 82 79 100 71 31 78 34 42 52 85 37 38 84 92 81 75 83 41 32 103 102 73 72 76 1 86 88
7 19 18 5 14 20 26 27 17 22 8 4 25 15 6 21 16 9
13 12 11
11 17 14 13 9 7 8 6 5 12 16 15 4
20 16 22 17 21 9 8 15 19 18
61 62 64 65 63 55 60 57 66 68 36 58 59 3 56 67
87 42 82 54 100 77 43 75 34 93 38 72 102 53 31 73 51 40 91 78 103 83 85 84 104 74 1 32 37 80 79 86 71 92 2 88 76 41 81 52 101 33
20 26 9 25 14 7 4 5 27 15 19 16 17 21 8 6 22 18
11 13 12
14 12 7 5 9 11 16 17 6 13 15 8 4
15 18 21 16 22 9 20 8 19 17
59 63 36 66 60 62 68 57 64 65 61 56 67 58 3 55
80 72 73 85 91 88 41 34 92 79 86 1 87 43 54 104 2 84 52 78 40 31 76 75 74 33 82 51 53 71 81 93 103 100 102 77 32 42 101 38 37 83
8 14 18 25 27 5 19 9 4 6 7 21 22 17 20 26 16 15
12 11 13
5 12 6 16 7 4 13 15 14 8 17 11 9
22 19 16 15 20 21 8 18 17 9
62 60 59 68 3 58 61 63 36 65 56 67 55 64 57 66
84 41 1 33 101 75 34 38 71 88 2 82 32 52 103 83 80 74 79 85 53 104 100 43 42 73 78 102 72 31 93 87 76 37 77 54 81 51 40 92 86 91
18 26 7 17 6 16 25 14 4 19 27 20 21 22 5 8 9 15
11 13 12
14 8 15 9 13 11 17 6 16 4 12 7 5
22 21 18 20 16 17 15 9 8 19
58 65 61 60 55 57 63 64 62 56 59 68 66 3 67 36
104 86 93 83 2 78 37 87 85 71 79 51 73 80 43 1 33 42 76 92 72 77 100 81 74 53 40 103 102 54 32 75 82 41 52 34 88 101 38 31 84 91
5 9 21 6 18 17 15 25 26 14 7 22 16 27 8 19 4 20
11 13 12
15 4 8 17 7 16 13 14 11 12 6 9 5
9 18 22 20 21 8 17 15 16 19
59 3 56 67 61 57 58 62 36 60 64 65 66 68 63 55
85 34 101 54 73 84 100 92 33 87 88 31 77 51 83 76 75 52 91 102 41 2 78 72 42 93 86 74 40 104 103 79 37 81 80 43 32 53 1 38 82 71
6 5 15 20 27 16 22 8 25 18 21 7 19 26 14 17 4 9
11 12 13
15 5 14 17 13 8 6 7 9 11 12 4 16
20 8 21 16 19 17 9 18 22 15
56 62 63 55 65 57 67 3 68 36 64 59 58 60 61 66
103 54 86 33 42 40 101 77 43 31 93 37 82 34 84 83 71 32 41 92 75 52 38 88 85 102 51 87 79 80 91 100 72 76 73 2 53 78 74 104 1 81
27 16 8 26 6 19 22 7 20 5 14 15 21 4 9 25 18 17
11 13 12
13 6 11 16 7 5 15 12 8 17 9 14 4
22 16 17 19 9 15 8 18 21 20
58 56 60 68 67 66 65 59 36 61 3 62 64 63 55 57
88 92 1 102 75 77 85 52 34 51 79 53 43 87 72 80 78 82 38 41 32 37 73 40 76 81 103 74 93 84 100 31 42 71 83 2 86 104 91 33 54 101
17 20 27 7 22 4 18 26 16 14 6 8 5 21 25 15 19 9
12 13 11
13 14 12 5 15 9 8 4 7 11 16 6 17
21 22 9 17 15 16 18 20 8 19
63 68 58 60 55 59 61 3 56 66 57 36 64 62 65 67
52 54 81 51 31 1 76 100 85 71 40 82 72 80 92 73 91 34 101 37 74 93 83 88 77 33 38 32 2 78 84 79 43 86 87 103 53 42 75 41 102 104
16 5 27 20 4 17 22 15 21 25 8 18 26 6 7 9 19 14
12 13 11
17 7 4 11 9 15 5 12 16 8 13 6 14
20 22 15 18 8 17 9 19 16 21
67 58 3 68 56 65 62 57 60 64 66 63 59 55 61 36
75 74 38 80 81 87 34 78 103 83 32 52 40 100 77 86 31 85 43 72 101 102 2 33 1 42 41 88 73 79 76 91 92 54 37 93 104 51 71 84 82 53
19 4 21 18 17 14 20 7 26 9 6 5 25 22 27 16 8 15
12 13 11
13 17 8 6 11 16 12 7 15 5 14 4 9
20 15 9 19 18 16 22 17 21 8