66 57 36 55 56 60 3 61 58 67 68 64 62 59 63 65
86 87 73 100 34 33 31 1 75 79 40 101 71 103 72 84 2 85 77 54 91 76 52 51 104 53 88 41 74 43 93 92 32 42 83 80 102 82 78 38 37 81
9 18 16 6 7 5 19 27 8 20 17 25 22 15 4 14 21 26
12 11 13
14 5 9 4 17 15 13 11 12 6 8 16 7
15 20 21 19 18 16 17 22 9 8
36 61 57 68 63 58 59 55 66 3 56 64 62 65 67 60
101 91 40 77 72 37 76 38 86 92 87 78 79 103 85 33 34 75 93 74 102 83 84 80 71 82 54 100 88 52 81 53 43 104 51 41 73 2 32 31 42 1
16 6 25 21 8 4 7 17 26 14 15 18 22 27 20 19 5 9
12 11 13
8 16 4 13 12 5 15 7 6 9 14 11 17
17 21 15 9 16 19 8 20 22 18
64 63 56 55 61 65 3 67 36 57 60 66 58 62 59 68
79 52 43 41 71 83 78 34 77 2 103 88 53 37 81 51 31 1 104 100 75 82 87 93 73 40 102 74 92 101 76 32 33 80 42 86 38 85 72 84 91 54
14 19 21 18 26 4 17 6 25 22 20 27 7 8 9 5 15 16
13 12 11
5 12 13 7 4 15 8 9 11 17 6 16 14
15 16 21 19 8 18 9 22 20 17
62 63 60 57 58 64 67 68 66 55 3 36 61 59 56 65
103 73 80 2 41 86 87 31 72 37 101 74 104 81 102 100 83 42 40 76 82 92 84 75 71 43 85 32 52 54 88 38 77 93 78 34 1 51 33 79 91 53
14 26 5 27 22 21 17 9 8 16 7 25 19 4 6 20 15 18
13 11 12
12 6 15 9 7 5 16 17 11 8 13 14 4
9 16 15 18 19 22 8 20 21 17
60 61 55 66 64 65 58 57 36 56 3 59 63 68 67 62
31 33 76 71 79 73 92 74 40 77 52 80 32 37 85 72 87 78 88 41 54 101 43 86 2 1 102 38 42 82 84 103 53 104 51 75 91 81 34 83 93 100
6 15 4 20 5 7 22 8 14 21 25 26 18 27 19 16 9 17
13 12 11
6 16 13 12 8 9 7 4 5 11 17 14 15
18 8 20 21 15 19 22 16 9 17
64 65 60 62 56 68 36 57 63 66 61 55 3 59 58 67
33 82 91 103 32 34 93 100 77 73 87 54 83 38 104 42 74 53 84 75 101 85 92 88 2 79 52 51 37 1 72 81 86 78 76 43 31 40 80 71 41 102
22 18 17 4 19 20 25 7 27 15 26 8 16 14 5 6 21 9
11 13 12
16 14 5 13 11 17 9 7 8 12 15 6 4
9 22 15 17 21 19 8 18 16 20
65 60 57 68 58 64 3 36 56 66 67 55 63 61 59 62
33 72 88 83 34 91 53 75 54 84 100 81 32 76 104 79 37 78 93 80 1 102 85 52 77 101 73 87 103 2 71 41 86 31 82 42 43 51 40 92 74 38
20 9 16 22 25 27 17 21 14 15 8 19 18 5 4 7 6 26
13 11 12
5 13 17 11 16 15 12 7 6 8 14 9 4
15 21 20 18 16 22 17 8 9 19
59 57 65 60 58 56 36 66 62 64 55 68 3 61 67 63
43 52 74 100 32 82 91 73 51 53 83 88 34 33 1 38 42 80 37 81 75 78 71 40 79 85 101 72 92 93 41 86 31 2 103 104 54 84 76 77 102 87
4 25 26 21 27 22 5 20 8 16 17 15 14 9 19 18 7 6
12 11 13
12 14 16 11 13 17 9 8 5 4 7 6 15
16 9 19 21 17 22 20 15 8 18
67 57 60 68 58 3 56 65 36 61 59 64 62 55 63 66
103 84 78 76 75 79 86 101 1 100 32 71 51 93 73 87 91 53 52 77 37 54 31 40 102 81 88 83 72 43 42 33 80 85 82 38 41 74 104 34 92 2
21 14 5 15 9 17 16 4 19 8 7 25 26 20 22 18 27 6
13 11 12
5 8 4 9 12 6 7 17 11 16 13 14 15
9 17 21 19 16 18 22 15 8 20
62 57 68 67 56 60 58 65 64 55 61 66 63 36 59 3
72 40 102 101 93 43 92 32 34 88 41 54 84 38 33 1 87 51 91 76 2 77 74 80 103 42 31 73 52 78 79 82 104 53 86 37 85 71 83 100 75 81
7 15 6 27 14 25 26 8 21 20 5 19 4 9 18 16 17 22
12 13 11
12 13 14 15 8 17 16 6 7 4 11 5 9
9 20 22 18 16 17 21 15 19 8
68 36 66 67 58 3 57 64 55 65 63 56 62 60 61 59
103 80 71 93 31 77 37 34 83 85 87 76 91 51 101 53 43 73 2 1 82 81 86 40 100 32 52 38 92 33 72 42 74 78 54 102 79 104 41 88 84 75
19 17 18 15 9 21 27 22 25 8 16 7 20 14 5 26 4 6
13 12 11
16 5 13 14 11 7 9 17 12 8 6 4 15
22 15 17 16 18 9 20 8 21 19
61 59 3 63 68 55 65 56 64 67 62 36 58 60 57 66
84 83 38 1 43 102 103 72 78 34 92 32 33 104 91 82 74 71 42 77 79 93 40 51 2 101 37 88 41 85 76 53 87 31 54 86 81 100 80 52 73 75
25 9 20 5 27 14 15 6 17 7 16 8 21 4 18 19 22 26
13 11 12
7 16 14 17 8 9 15 11 4 12 13 6 5
17 21 22 15 9 19 18 8 16 20
57 55 61 59 67 60 64 63 65 62 68 66 56 3 36 58
85 81 82 34 77 80 88 52 87 38 79 101 75 83 103 104 37 74 76 42 86 100 1 73 2 51 71 93 84 78 33 53 43 41 32 40 31 91 54 72 102 92
20 15 8 17 7 27 5 4 26 21 6 25 18 22 19 16 9 14
13 12 11
9 7 6 8 5 16 4 15 17 13 11 14 12
18 22 8 16 9 17 21 20 15 19
62 55 60 65 3 56 68 57 67 63 59 66 58 36 64 61
102 92 52 91 75 43 41 71 80 103 88 37 86 2 78 85 73 93 84 81 87 53 1 101 51 100 77 33 74 31 32 54 34 82 72 104 83 76 79 40 38 42
25 20 8 9 22 19 27 21 17 15 7 18 26 5 4 14 6 16
12 11 13
16 5 6 8 12 13 9 4 7 15 14 17 11
22 17 16 9 15 8 21 19 20 18
55 36 68 62 65 60 58 3 59 61 63 67 56 64 66 57
40 51 2 81 92 87 93 1 82 71 86 53 74 88 84 75 79 100 52 43 34 102 80 77 83 41 31 38 73 104 101 72 76 33 42 103 78 37 91 54 32 85
17 18 19 5 9 27 25 20 21 4 22 14 6 7 8 26 15 16
12 13 11
6 12 4 5 8 11 9 14 16 13 7 17 15
19 17 15 9 18 8 16 20 21 22
56 66 68 62 55 64 59 58 67 63 36 3 65 60 61 57
79 77 81 38 2 78 92 72 53 40 88 41 43 34 103 86 93 82 52 31 104 80 51 37 83 33 84 87 100 75 74 32 85 1 42 76 71 91 54 101 73 102
8 9 15 14 17 6 20 19 16 22 18 21 4 7 25 5 27 26
11 13 12
7 5 14 9 8 13 12 4 6 16 15 11 17
17 16 20 15 9 8 21 22 18 19
61 55 36 67 56 65 60 62 63 68 58 64 3 57 66 59
101 87 71 100 53 78 32 86 93 79 75 103 54 43 82 1 33 72 80 76 52 2 77 88 102 51 81 73 91 74 84 83 40 41 42 31 38 34 85 37 92 104
15 27 17 14 16 26 22 5 21 25 19 6 20 7 4 9 8 18
11 12 13
13 6 9 5 16 7 15 11 4 12 8 14 17
21 8 15 9 20 18 22 16 19 17
58 65 55 63 61 68 59 60 56 67 66 3 36 64 62 57
52 104 41 92 2 51 54 74 86 32 34 87 77 100 53 82 31 85 43 40 76 78 101 42 75 93 79 33 83 81 80 103 38 71 84 73 37 1 91 72 88 102
5 25 20 26 4 6 8 14 7 22 18 9 15 17 16 19 27 21
13 12 11
11 17 13 14 7 5 4 8 12 6 9 16 15
20 17 22 16 9 19 8 18 15 21
61 59 57 36 3 62 68 60 63 55 65 66 56 64 58 67
85 74 73 82 41 102 33 83 81 53 34 93 42 87 84 40 37 2 91 32 103 100 78 86 52 75 76 77 1 80 71 101 38 43 92 51 31 88 104 72 54 79
8 21 27 20 14 16 6 9 18 5 17 4 25 19 15 22 7 26
13 12 11
15 17 4 14 5 8 16 11 12 13 7 9 6
20 21 16 15 18 22 17 9 19 8
67 60 56 64 59 65 36 58 63 57 3 68 61 55 66 62
81 1 78 100 73 80 33 92 52 104 85 77 83 101 86 76 75 43 103 102 34 37 42 74 79 51 32 54 71 93 91 82 2 53 84 31 40 72 88 87 38 41
15 26 20 6 14 19 4 9 25 18 27 5 21 7 8 22 17 16
11 12 13
11 13 9 17 14 16 12 4 6 15 8 5 7
16 20 9 15 18 8 19 17 21 22