55 3 59 36 66 68 62 65 60 58 63 67 56 64 61 57
33 40 2 51 72 76 38 32 31 42 79 91 102 71 83 92 82 86 37 52 78 1 87 77 80 53 73 43 74 84 104 101 103 75 88 41 85 100 93 54 34 81
14 16 9 21 26 22 27 25 20 6 5 15 17 19 7 8 18 4
11 13 12
5 6 7 11 14 4 13 9 12 16 8 15 17
8 9 20 18 16 15 21 17 22 19
56 59 36 55 66 58 67 64 60 57 61 65 63 3 62 68
80 33 74 34 53 54 77 32 83 42 37 1 85 78 88 103 82 41 100 31 2 93 76 84 81 43 72 40 73 52 51 91 71 75 38 102 79 101 104 92 87 86
20 18 6 8 5 25 26 19 4 17 7 16 15 9 21 22 14 27
12 13 11
4 15 8 5 16 12 14 13 17 6 9 11 7
18 20 8 16 22 21 9 17 15 19
58 66 61 59 60 65 62 63 68 64 55 3 56 36 67 57
79 37 88 38 82 71 85 51 73 1 54 32 53 100 81 101 76 83 104 91 34 103 41 74 84 72 80 43 2 77 92 42 78 93 102 87 33 40 52 86 31 75
6 20 4 7 16 9 15 14 19 26 21 18 8 17 27 22 25 5
13 11 12
5 11 16 17 13 15 9 4 7 14 12 8 6
8 18 19 16 21 9 17 20 15 22
59 64 55 68 60 67 3 36 65 56 57 62 66 63 58 61
86 88 43 100 78 1 71 38 72 52 73 51 77 74 80 31 102 32 93 33 85 34 41 53 79 40 81 42 54 92 87 37 83 82 2 76 84 103 101 91 104 75
18 9 6 7 20 14 25 15 22 26 17 19 8 4 27 5 16 21
13 12 11
11 15 17 5 7 16 6 14 8 13 12 4 9
22 18 19 8 15 17 20 16 9 21
62 36 63 67 58 59 64 68 55 3 57 66 56 61 65 60
51 31 76 32 102 52 2 41 93 71 104 75 85 88 87 101 91 84 1 100 42 72 37 82 80 40 77 86 78 54 43 73 92 103 81 53 83 79 34 74 38 33
26 9 20 7 14 22 6 25 27 18 5 15 19 8 21 16 4 17
11 12 13
16 11 12 13 8 14 15 9 5 7 17 4 6
22 21 19 15 16 18 20 9 8 17
58 65 36 67 60 59 66 3 63 62 55 56 68 64 57 61
104 52 82 42 92 31 103 86 100 83 101 81 85 88 74 75 72 32 37 2 76 93 79 41 91 38 78 71 87 84 43 40 80 73 102 34 53 1 51 77 54 33
25 7 15 6 4 26 14 17 19 21 5 27 22 9 18 8 20 16
12 11 13
9 5 6 14 16 17 8 13 11 7 15 12 4
15 21 22 16 17 8 18 9 20 19
56 67 62 36 64 68 66 57 63 60 58 59 65 61 3 55
83 81 71 31 52 73 103 72 43 78 100 75 84 2 86 1 87 33 37 53 40 80 32 91 102 38 92 42 76 101 79 41 34 85 82 104 74 88 93 77 54 51
21 18 6 25 14 19 9 26 22 20 16 17 15 27 4 7 8 5
12 13 11
4 7 16 14 15 12 9 8 11 5 13 17 6
20 19 18 17 22 15 9 16 21 8
66 3 59 62 58 67 61 55 57 64 68 65 56 36 63 60
38 34 71 2 42 53 31 43 104 87 85 41 93 54 32 1 33 79 52 72 88 86 81 40 51 103 37 75 77 83 76 82 91 101 73 84 100 80 92 78 102 74
22 19 14 27 25 21 7 26 8 18 6 15 5 20 16 17 4 9
12 13 11
8 14 11 9 7 17 15 12 6 4 5 16 13
18 20 16 19 8 17 22 15 21 9
64 65 59 56 68 58 63 3 36 67 62 55 61 57 60 66
103 80 87 73 77 100 72 79 85 104 101 53 34 74 92 37 43 78 71 81 102 86 84 76 1 42 88 2 52 91 40 82 54 75 51 93 33 41 83 31 38 32
18 20 6 16 14 7 8 4 15 26 22 25 21 9 19 17 5 27
12 11 13
6 7 15 14 13 16 17 5 9 8 11 4 12
18 9 22 15 20 16 17 21 8 19
66 3 62 64 58 65 68 59 67 63 36 60 56 57 55 61
85 81 53 38 33 32 43 42 34 37 76 100 102 54 71 91 86 75 101 40 79 93 1 52 73 74 103 77 87 78 72 104 51 2 83 31 80 84 82 88 92 41
22 9 17 27 21 6 5 26 15 8 7 14 25 16 18 4 20 19
11 13 12
8 15 13 17 9 4 7 12 11 14 16 6 5
21 9 19 20 17 15 18 8 16 22
67 57 62 63 36 60 58 65 66 68 55 56 61 64 3 59
53 83 54 37 92 91 84 32 74 86 93 76 52 100 87 71 102 78 88 82 42 79 85 104 103 33 77 38 41 72 73 43 31 1 40 34 80 2 51 75 101 81
20 21 17 7 26 5 4 15 9 14 19 18 25 8 16 22 27 6
11 12 13
16 11 17 8 5 6 13 12 4 9 7 14 15
8 18 21 22 16 20 9 15 17 19
57 55 63 59 56 68 61 36 64 65 62 67 3 58 60 66
38 53 85 41 34 76 82 84 31 103 104 75 2 54 71 73 100 86 42 83 101 91 102 81 74 80 43 33 87 92 93 78 37 40 52 77 51 79 1 88 32 72
16 14 21 4 20 9 22 26 27 5 8 17 19 15 25 7 6 18
13 12 11
11 16 9 8 13 17 14 7 4 15 6 12 5
9 17 16 8 19 21 20 15 18 22
36 61 63 66 67 60 62 3 55 59 65 64 68 57 58 56
86 32 33 54 81 101 85 102 75 76 103 87 83 51 40 100 41 74 71 93 38 34 84 2 78 53 88 52 1 42 80 31 79 72 37 73 77 43 91 104 92 82
14 18 20 7 5 22 26 8 9 27 16 4 21 25 17 19 6 15
12 11 13
8 5 17 9 16 4 11 12 6 7 14 15 13
19 16 9 22 17 15 20 18 8 21
57 61 66 59 64 68 63 36 60 56 58 55 62 67 3 65
51 83 88 43 92 78 76 34 74 40 91 52 73 102 32 33 93 75 84 77 86 103 87 31 53 2 54 100 104 1 41 81 71 42 82 72 79 101 80 85 38 37
15 25 8 7 27 16 19 6 4 5 17 21 14 20 22 9 18 26
12 11 13
8 16 13 5 15 9 14 17 12 11 4 6 7
21 16 22 18 19 20 8 9 17 15
64 57 66 63 60 65 58 3 59 36 62 56 68 55 61 67
2 37 103 79 54 88 40 100 33 71 87 82 81 92 91 75 43 104 85 1 53 34 93 86 77 74 101 84 41 52 102 32 51 38 42 73 72 78 80 31 83 76
14 6 8 20 7 27 26 17 25 18 19 9 22 15 16 21 4 5
11 12 13
14 4 17 9 16 13 7 12 5 15 8 6 11
18 17 20 22 8 19 21 9 15 16
60 66 62 68 65 56 3 55 58 57 67 61 36 59 64 63
74 104 42 33 37 87 76 86 43 102 1 81 73 82 31 38 78 85 54 91 71 88 77 93 83 84 92 34 75 53 79 80 101 72 100 2 51 52 103 41 32 40
26 22 15 7 8 5 6 27 9 17 4 20 16 18 21 25 14 19
11 12 13
13 4 11 12 7 16 14 15 8 17 6 5 9
21 9 22 19 18 17 20 8 16 15
57 58 62 36 59 3 66 63 60 67 55 56 68 65 64 61
54 52 78 43 87 88 102 42 31 91 51 74 93 103 33 34 38 86 80 92 75 101 83 73 79 77 37 41 104 2 100 1 76 32 84 82 71 53 85 72 40 81
15 8 17 14 4 5 27 20 19 21 22 6 9 7 25 16 18 26
11 13 12
17 9 13 11 4 8 6 14 12 15 7 16 5
22 9 15 20 17 18 21 19 16 8
68 64 65 67 60 63 55 58 59 66 3 56 36 61 62 57
81 38 77 37 41 104 54 34 79 76 88 40 78 73 71 87 84 85 86 91 72 82 2 83 33 75 103 42 92 1 52 102 93 74 31 53 32 43 80 101 100 51
22 20 27 21 7 26 5 25 8 9 4 16 18 15 14 19 17 6
11 12 13
12 4 6 15 7 5 17 9 16 11 13 8 14
21 9 20 22 16 18 19 15 17 8
63 3 60 65 62 66 57 61 64 58 56 59 67 36 68 55
37 31 100 1 103 34 93 102 33 84 73 87 92 53 86 32 43 74 88 81 2 78 75 54 42 72 77 71 38 85 83 40 51 52 91 80 101 82 104 79 76 41
20 25 27 8 16 6 21 19 18 22 17 9 14 4 15 26 7 5
11 13 12
13 12 14 8 11 4 16 7 6 5 17 15 9
18 20 19 21 17 15 22 16 9 8
61 65 36 3 56 55 60 57 59 64 68 63 66 58 67 62
84 75 1 32 74 71 88 42 52 104 31 79 81 76 93 33 86 43 83 2 103 80 38 78 102 54 85 100 91 51 37 34 73 87 77 82 92 41 40 72 53 101
20 18 7 26 15 16 5 21 14 6 17 25 27 22 8 9 4 19
11 12 13
17 12 16 6 4 8 14 15 13 9 5 11 7
19 9 16 8 20 22 17 15 18 21